image_00000 223 265 242 298
image_00001 227 272 238 294
image_00002 226 269 239 294
image_00003 226 267 240 292
image_00004 225 266 241 295
image_00005 222 265 241 301
image_00006 222 263 242 300
image_00007 222 262 243 298
image_00008 224 262 244 298
image_00009 221 260 244 300
image_00010 220 260 244 302
image_00011 218 259 244 300
image_00012 218 257 247 301
image_00013 216 257 246 302
image_00014 218 244 259 303
image_00015 218 246 260 302
image_00016 218 246 258 296
image_00017 216 247 261 300
image_00018 216 250 261 303
image_00019 214 246 265 302
image_00020 213 248 261 303
image_00021 214 249 264 305
image_00022 212 248 262 301
image_00023 213 250 262 304
image_00024 213 252 267 305
image_00025 214 248 267 305
image_00026 212 248 264 305
image_00027 214 248 265 303
image_00028 213 246 264 306
image_00029 211 246 269 303
image_00030 228 246 266 304
image_00031 237 246 264 303
image_00032 237 240 262 310
image_00033 236 240 264 307
image_00034 236 244 267 306
image_00035 242 245 261 305
image_00036 239 246 266 306
image_00037 241 246 262 305
image_00038 244 247 264 305
image_00039 239 248 261 305
image_00040 239 247 262 289
image_00041 243 253 261 285
image_00042 241 249 260 282
image_00043 244 251 264 276
image_00044 244 250 263 279
image_00045 246 250 262 271
image_00046 248 251 265 270
image_00047 247 250 263 268
image_00048 251 246 266 265
image_00049 254 239 268 264
image_00050 256 242 269 264
image_00051 254 241 269 265
image_00052 257 242 268 264
image_00053 255 243 270 265
image_00054 254 241 267 261
image_00055 256 244 267 260
image_00056 256 240 267 261
image_00057 257 240 267 260
image_00058 258 242 268 260
image_00059 258 241 267 257
image_00060 258 240 268 258
image_00061 258 241 268 258
image_00062 259 243 265 257
image_00063 257 240 264 256
